Matrix elements:

g.s
0   4.594636832158156
2   25.897404390428918
4   36.64373965329687
6   32.02807172615931
8   30.43605063680653
10  29.478032666197976
12  28.809564685423616
14  28.386468852633715
16  28.249112819334112
18  28.469265255959932

e.s. pi

1   0.05827510520886164
3   0.8027153972596531
5   0.7431622423566357
7   1.0361949960445656
9   1.4556022761715535
11  1.9908342402682555
13  2.643896303363192
15  3.420273364925814
17  4.327215153647977

e.s. nu

1   12.792934574833067
3   50.66205957815311
5   32.93119278267128
7   29.997444920714177
9   28.228602287410055
11  26.737817986795083
13  25.36755058570206
15  24.119175164769597
17  23.046987186973166

n. diag pinu

1   0.8056997994585147
3   5.865266667267474
5   3.9895444714984682
7   4.177603301814239 
9   4.651988557486208
11  5.28461444373919
13  6.039956564565625
15  6.905734645335472
17  7.881763256425683

n. diag nupi

1   0.8056996897781843
3
5
7   4.177603056150985
9
11
13
15
17